final_codes={'X0': [8],
 'X1': [7],
 'X2': [7, 8],
 'X3': [6],
 'X4': [6, 8],
 'X5': [6, 7],
 'X6': [6, 7, 8],
 'X7': [5],
 'X8': [5, 8],
 'X9': [5, 7],
 'X10': [5, 7, 8],
 'X11': [5, 6],
 'X12': [5, 6, 8],
 'X13': [5, 6, 7],
 'X14': [5, 6, 7, 8],
 'X15': [4],
 'X16': [4, 8],
 'X17': [4, 7],
 'X18': [4, 7, 8],
 'X19': [4, 6],
 'X20': [4, 6, 8],
 'X21': [4, 6, 7],
 'X22': [4, 6, 7, 8],
 'X23': [4, 5],
 'X24': [4, 5, 8],
 'X25': [4, 5, 7],
 'X26': [4, 5, 7, 8],
 'X27': [4, 5, 6],
 'X28': [4, 5, 6, 8],
 'X29': [4, 5, 6, 7],
 'X30': [4, 5, 6, 7, 8],
 'X31': [3],
 'X32': [3, 8],
 'X33': [3, 7],
 'X34': [3, 7, 8],
 'X35': [3, 6, 7],
 'X36': [3, 6, 7, 8],
 'X37': [3, 5],
 'X38': [3, 5, 8],
 'X39': [3, 5, 7],
 'X40': [3, 5, 7, 8],
 'X41': [3, 5, 6],
 'X42': [3, 5, 6, 8],
 'X43': [3, 5, 6, 7],
 'X44': [3, 5, 6, 7, 8],
 'X45': [3, 4],
 'X46': [3, 4, 8],
 'X47': [3, 4, 7],
 'X48': [3, 4, 7, 8],
 'X49': [3, 4, 6],
 'X50': [3, 4, 6, 8],
 'X51': [3, 4, 6, 7],
 'X52': [3, 4, 6, 7, 8],
 'X53': [3, 4, 5],
 'X54': [3, 4, 5, 8],
 'X55': [3, 4, 5, 7],
 'X56': [3, 4, 5, 7, 8],
 'X57': [3, 4, 5, 6],
 'X58': [3, 4, 5, 6, 8],
 'X59': [2],
 'X60': [2, 8],
 'X61': [2, 7],
 'X62': [2, 7, 8],
 'X63': [2, 6],
 'X64': [2, 6, 8],
 'X65': [2, 6, 7],
 'X66': [2, 6, 7, 8],
 'X67': [2, 5],
 'X68': [2, 5, 8],
 'X69': [2, 5, 7],
 'X70': [2, 5, 7, 8],
 'X71': [2, 5, 6],
 'X72': [2, 5, 6, 8],
 'X73': [2, 5, 6, 7],
 'X74': [2, 5, 6, 7, 8],
 'X75': [2, 4],
 'X76': [2, 4, 8],
 'X77': [2, 4, 7],
 'X78': [2, 4, 7, 8],
 'X79': [2, 4, 6],
 'X80': [2, 4, 6, 8],
 'X81': [2, 4, 6, 7],
 'X82': [2, 4, 6, 7, 8],
 'X83': [2, 4, 5],
 'X84': [2, 4, 5, 8],
 'X85': [2, 4, 5, 7],
 'X86': [2, 4, 5, 7, 8],
 'X87': [2, 4, 5, 6],
 'X88': [2, 4, 5, 6, 8],
 'X89': [2, 3],
 'X90': [2, 3, 8],
 'X91': [2, 3, 7],
 'X92': [2, 3, 7, 8],
 'X93': [2, 3, 6],
 'X94': [2, 3, 6, 8],
 'X95': [2, 3, 6, 7],
 'X96': [2, 3, 6, 7, 8],
 'X97': [2, 3, 5],
 'X98': [2, 3, 5, 8],
 'X99': [2, 3, 5, 7],
 'X100': [2, 3, 5, 7, 8],
 'X101': [2, 3, 5, 6],
 'X102': [2, 3, 5, 6, 8],
 'X103': [2, 3, 5, 6, 7],
 'X104': [2, 3, 5, 6, 7, 8],
 'X105': [2, 3, 4],
 'X106': [2, 3, 4, 8],
 'X107': [2, 3, 4, 7],
 'X108': [2, 3, 4, 7, 8],
 'X109': [2, 3, 4, 6, 7],
 'X110': [2, 3, 4, 6, 7, 8],
 'X111': [2, 3, 4, 5],
 'X112': [2, 3, 4, 5, 8],
 'X113': [2, 3, 4, 5, 7],
 'X114': [2, 3, 4, 5, 7, 8],
 'X115': [2, 3, 4, 5, 6],
 'X116': [2, 3, 4, 5, 6, 8],
 'X117': [2, 3, 4, 5, 6, 7],
 'X118': [2, 3, 4, 5, 6, 7, 8],
 'X119': [1],
 'X120': [1, 8],
 'X121': [1, 7],
 'X122': [1, 7, 8],
 'X123': [1, 6],
 'X124': [1, 6, 8],
 'X125': [1, 6, 7],
 'X126': [1, 6, 7, 8],
 'X127': [1, 5],
 'X128': [1, 5, 8],
 'X129': [1, 5, 7],
 'X130': [1, 5, 7, 8],
 'X131': [1, 5, 6],
 'X132': [1, 5, 6, 8],
 'X133': [1, 5, 6, 7],
 'X134': [1, 5, 6, 7, 8],
 'X135': [1, 4],
 'X136': [1, 4, 8],
 'X137': [1, 4, 7],
 'X138': [1, 4, 7, 8],
 'X139': [1, 4, 6],
 'X140': [1, 4, 6, 8],
 'X141': [1, 4, 6, 7],
 'X142': [1, 4, 6, 7, 8],
 'X143': [1, 4, 5],
 'X144': [1, 4, 5, 8],
 'X145': [1, 4, 5, 7],
 'X146': [1, 4, 5, 7, 8],
 'X147': [1, 4, 5, 6],
 'X148': [1, 4, 5, 6, 8],
 'X149': [1, 4, 5, 6, 7],
 'X150': [1, 4, 5, 6, 7, 8],
 'X151': [1, 3],
 'X152': [1, 3, 8],
 'X153': [1, 3, 7],
 'X154': [1, 3, 7, 8],
 'X155': [1, 3, 6, 7],
 'X156': [1, 3, 6, 7, 8],
 'X157': [1, 3, 5],
 'X158': [1, 3, 5, 8],
 'X159': [1, 3, 5, 7],
 'X160': [1, 3, 5, 7, 8],
 'X161': [1, 3, 5, 6],
 'X162': [1, 3, 5, 6, 8],
 'X163': [1, 3, 5, 6, 7],
 'X164': [1, 3, 5, 6, 7, 8],
 'X165': [1, 3, 4],
 'X166': [1, 3, 4, 8],
 'X167': [1, 3, 4, 7],
 'X168': [1, 3, 4, 7, 8],
 'X169': [1, 3, 4, 6],
 'X170': [1, 3, 4, 6, 8],
 'X171': [1, 3, 4, 5],
 'X172': [1, 3, 4, 5, 8],
 'X173': [1, 3, 4, 5, 6],
 'X174': [1, 3, 4, 5, 6, 8],
 'X175': [1, 3, 4, 5, 6, 7],
 'X176': [1, 3, 4, 5, 6, 7, 8],
 'X177': [1, 2],
 'X178': [1, 2, 8],
 'X179': [1, 2, 7],
 'X180': [1, 2, 7, 8],
 'X181': [1, 2, 6],
 'X182': [1, 2, 6, 8],
 'X183': [1, 2, 6, 7],
 'X184': [1, 2, 6, 7, 8],
 'X185': [1, 2, 5],
 'X186': [1, 2, 5, 8],
 'X187': [1, 2, 5, 6],
 'X188': [1, 2, 5, 6, 8],
 'X189': [1, 2, 5, 6, 7],
 'X190': [1, 2, 5, 6, 7, 8],
 'X191': [1, 2, 4],
 'X192': [1, 2, 4, 8],
 'X193': [1, 2, 4, 7],
 'X194': [1, 2, 4, 7, 8],
 'X195': [1, 2, 4, 6],
 'X196': [1, 2, 4, 6, 8],
 'X197': [1, 2, 4, 5, 6],
 'X198': [1, 2, 4, 5, 6, 8],
 'X199': [1, 2, 3],
 'X200': [1, 2, 3, 8],
 'X201': [1, 2, 3, 7],
 'X202': [1, 2, 3, 7, 8],
 'X203': [1, 2, 3, 6],
 'X204': [1, 2, 3, 6, 8],
 'X205': [1, 2, 3, 6, 7],
 'X206': [1, 2, 3, 6, 7, 8],
 'X207': [1, 2, 3, 5],
 'X208': [1, 2, 3, 5, 8],
 'X209': [1, 2, 3, 5, 7],
 'X210': [1, 2, 3, 5, 7, 8],
 'X211': [1, 2, 3, 5, 6],
 'X212': [1, 2, 3, 5, 6, 8],
 'X213': [1, 2, 3, 4],
 'X214': [1, 2, 3, 4, 8],
 'X215': [1, 2, 3, 4, 7],
 'X216': [1, 2, 3, 4, 7, 8],
 'X217': [1, 2, 3, 4, 6],
 'X218': [1, 2, 3, 4, 6, 8],
 'X219': [1, 2, 3, 4, 5],
 'X220': [1, 2, 3, 4, 5, 8],
 'X221': [1, 2, 3, 4, 5, 7],
 'X222': [1, 2, 3, 4, 5, 7, 8],
 '0': [1, 2, 3, 5, 6, 7],
 '1': [3, 6],
 '2': [1, 3, 4, 5, 7],
 '3': [1, 3, 4, 6, 7],
 '4': [2, 3, 4, 6],
 '5': [1, 2, 4, 6, 7],
 '6': [1, 2, 4, 5, 6, 7],
 '7': [1, 3, 6],
 '8': [1, 2, 3, 4, 5, 6, 7],
 '9': [1, 2, 3, 4, 6, 7],
 'A': [1, 2, 3, 4, 5, 6],
 'B': [2, 4, 5, 6, 7],
 'C': [1, 2, 5, 7],
 'D': [3, 4, 5, 6, 7],
 'E': [1, 2, 4, 5, 7],
 'F': [1, 2, 4, 5],
 '0.': [1, 2, 3, 5, 6, 7, 8],
 '1.': [3, 6, 8],
 '2.': [1, 3, 4, 5, 7, 8],
 '3.': [1, 3, 4, 6, 7, 8],
 '4.': [2, 3, 4, 6, 8],
 '5.': [1, 2, 4, 6, 7, 8],
 '6.': [1, 2, 4, 5, 6, 7, 8],
 '7.': [1, 3, 6, 8],
 '8.': [1, 2, 3, 4, 5, 6, 7, 8],
 '9.': [1, 2, 3, 4, 6, 7, 8],
 'A.': [1, 2, 3, 4, 5, 6, 8],
 'B.': [2, 4, 5, 6, 7, 8],
 'C.': [1, 2, 5, 7, 8],
 'D.': [3, 4, 5, 6, 7, 8],
 'E.': [1, 2, 4, 5, 7, 8],
 'F.': [1, 2, 4, 5, 8],
 '_': [0]}